10 0 9.4
10 0.01 8.8
10 0.02 8.8
10 0.03 4.6
10 0.04 5
10 0.05 4.8
10 0.06 4
10 0.07 1.8
10 0.08 2.6
10 0.09 2.8
10 0.1 2
10 0.11 1.2
10 0.12 1
10 0.13 1.4
10 0.14 1.2
10 0.15 1
10 0.16 1
10 0.17 1.4
10 0.18 1
10 0.19 1
10 0.2 1
10 0.21 1
10 0.22 1
10 0.23 1
10 0.24 1
10 0.25 1
10 0.26 1
10 0.27 1
10 0.28 1
10 0.29 1
10 0.3 1
10 0.31 1
10 0.32 1
10 0.33 1
10 0.34 1
10 0.35 1
10 0.36 1
10 0.37 1
10 0.38 1
10 0.39 1
10 0.4 1
10 0.41 1
10 0.42 1
10 0.43 1
10 0.44 1
10 0.45 1
10 0.46 1
10 0.47 1
10 0.48 1
10 0.49 1
10 0.5 1
10 0.51 1
10 0.52 1
10 0.53 1
10 0.54 1
10 0.55 1
10 0.56 1
10 0.57 1
10 0.58 1
10 0.59 1
10 0.6 1
10 0.61 1
10 0.62 1
10 0.63 1
10 0.64 1
10 0.65 1
10 0.66 1
10 0.67 1
10 0.68 1
10 0.69 1
10 0.7 1
10 0.71 1
10 0.72 1
10 0.73 1
10 0.74 1
10 0.75 1
10 0.76 1
10 0.77 1
10 0.78 1
10 0.79 1
10 0.8 1
10 0.81 1
10 0.82 1
10 0.83 1
10 0.839999 1
10 0.849999 1
10 0.859999 1
10 0.869999 1
10 0.879999 1
10 0.889999 1
10 0.899999 1
10 0.909999 1
10 0.919999 1
10 0.929999 1
10 0.939999 1
10 0.949999 1
10 0.959999 1
10 0.969999 1
10 0.979999 1
10 0.989999 1
20 0 17.6
20 0.01 13.2
20 0.02 7
20 0.03 3
20 0.04 5.2
20 0.05 1.8
20 0.06 1
20 0.07 1
20 0.08 1.2
20 0.09 1
20 0.1 1
20 0.11 1
20 0.12 1
20 0.13 1
20 0.14 1
20 0.15 1
20 0.16 1
20 0.17 1
20 0.18 1
20 0.19 1
20 0.2 1
20 0.21 1
20 0.22 1
20 0.23 1
20 0.24 1
20 0.25 1
20 0.26 1
20 0.27 1
20 0.28 1
20 0.29 1
20 0.3 1
20 0.31 1
20 0.32 1
20 0.33 1
20 0.34 1
20 0.35 1
20 0.36 1
20 0.37 1
20 0.38 1
20 0.39 1
20 0.4 1
20 0.41 1
20 0.42 1
20 0.43 1
20 0.44 1
20 0.45 1
20 0.46 1
20 0.47 1
20 0.48 1
20 0.49 1
20 0.5 1
20 0.51 1
20 0.52 1
20 0.53 1
20 0.54 1
20 0.55 1
20 0.56 1
20 0.57 1
20 0.58 1
20 0.59 1
20 0.6 1
20 0.61 1
20 0.62 1
20 0.63 1
20 0.64 1
20 0.65 1
20 0.66 1
20 0.67 1
20 0.68 1
20 0.69 1
20 0.7 1
20 0.71 1
20 0.72 1
20 0.73 1
20 0.74 1
20 0.75 1
20 0.76 1
20 0.77 1
20 0.78 1
20 0.79 1
20 0.8 1
20 0.81 1
20 0.82 1
20 0.83 1
20 0.839999 1
20 0.849999 1
20 0.859999 1
20 0.869999 1
20 0.879999 1
20 0.889999 1
20 0.899999 1
20 0.909999 1
20 0.919999 1
20 0.929999 1
20 0.939999 1
20 0.949999 1
20 0.959999 1
20 0.969999 1
20 0.979999 1
20 0.989999 1
40 0 23.6
40 0.01 9
40 0.02 1
40 0.03 1
40 0.04 1
40 0.05 1
40 0.06 1
40 0.07 1
40 0.08 1
40 0.09 1
40 0.1 1
40 0.11 1
40 0.12 1
40 0.13 1
40 0.14 1
40 0.15 1
40 0.16 1
40 0.17 1
40 0.18 1
40 0.19 1
40 0.2 1
40 0.21 1
40 0.22 1
40 0.23 1
40 0.24 1
40 0.25 1
40 0.26 1
40 0.27 1
40 0.28 1
40 0.29 1
40 0.3 1
40 0.31 1
40 0.32 1
40 0.33 1
40 0.34 1
40 0.35 1
40 0.36 1
40 0.37 1
40 0.38 1
40 0.39 1
40 0.4 1
40 0.41 1
40 0.42 1
40 0.43 1
40 0.44 1
40 0.45 1
40 0.46 1
40 0.47 1
40 0.48 1
40 0.49 1
40 0.5 1
40 0.51 1
40 0.52 1
40 0.53 1
40 0.54 1
40 0.55 1
40 0.56 1
40 0.57 1
40 0.58 1
40 0.59 1
40 0.6 1
40 0.61 1
40 0.62 1
40 0.63 1
40 0.64 1
40 0.65 1
40 0.66 1
40 0.67 1
40 0.68 1
40 0.69 1
40 0.7 1
40 0.71 1
40 0.72 1
40 0.73 1
40 0.74 1
40 0.75 1
40 0.76 1
40 0.77 1
40 0.78 1
40 0.79 1
40 0.8 1
40 0.81 1
40 0.82 1
40 0.83 1
40 0.839999 1
40 0.849999 1
40 0.859999 1
40 0.869999 1
40 0.879999 1
40 0.889999 1
40 0.899999 1
40 0.909999 1
40 0.919999 1
40 0.929999 1
40 0.939999 1
40 0.949999 1
40 0.959999 1
40 0.969999 1
40 0.979999 1
40 0.989999 1
60 0 13
60 0.01 1.2
60 0.02 1
60 0.03 1
60 0.04 1
60 0.05 1
60 0.06 1
60 0.07 1
60 0.08 1
60 0.09 1
60 0.1 1
60 0.11 1
60 0.12 1
60 0.13 1
60 0.14 1
60 0.15 1
60 0.16 1
60 0.17 1
60 0.18 1
60 0.19 1
60 0.2 1
60 0.21 1
60 0.22 1
60 0.23 1
60 0.24 1
60 0.25 1
60 0.26 1
60 0.27 1
60 0.28 1
60 0.29 1
60 0.3 1
60 0.31 1
60 0.32 1
60 0.33 1
60 0.34 1
60 0.35 1
60 0.36 1
60 0.37 1
60 0.38 1
60 0.39 1
60 0.4 1
60 0.41 1
60 0.42 1
60 0.43 1
60 0.44 1
60 0.45 1
60 0.46 1
60 0.47 1
60 0.48 1
60 0.49 1
60 0.5 1
60 0.51 1
60 0.52 1
60 0.53 1
60 0.54 1
60 0.55 1
60 0.56 1
60 0.57 1
60 0.58 1
60 0.59 1
60 0.6 1
60 0.61 1
60 0.62 1
60 0.63 1
60 0.64 1
60 0.65 1
60 0.66 1
60 0.67 1
60 0.68 1
60 0.69 1
60 0.7 1
60 0.71 1
60 0.72 1
60 0.73 1
60 0.74 1
60 0.75 1
60 0.76 1
60 0.77 1
60 0.78 1
60 0.79 1
60 0.8 1
60 0.81 1
60 0.82 1
60 0.83 1
60 0.839999 1
60 0.849999 1
60 0.859999 1
60 0.869999 1
60 0.879999 1
60 0.889999 1
60 0.899999 1
60 0.909999 1
60 0.919999 1
60 0.929999 1
60 0.939999 1
60 0.949999 1
60 0.959999 1
60 0.969999 1
60 0.979999 1
60 0.989999 1
80 0 12.2
80 0.01 1
80 0.02 1
80 0.03 1
80 0.04 1
80 0.05 1
80 0.06 1
80 0.07 1
80 0.08 1
80 0.09 1
80 0.1 1
80 0.11 1
80 0.12 1
80 0.13 1
80 0.14 1
80 0.15 1
80 0.16 1
80 0.17 1
80 0.18 1
80 0.19 1
80 0.2 1
80 0.21 1
80 0.22 1
80 0.23 1
80 0.24 1
80 0.25 1
80 0.26 1
80 0.27 1
80 0.28 1
80 0.29 1
80 0.3 1
80 0.31 1
80 0.32 1
80 0.33 1
80 0.34 1
80 0.35 1
80 0.36 1
80 0.37 1
80 0.38 1
80 0.39 1
80 0.4 1
80 0.41 1
80 0.42 1
80 0.43 1
80 0.44 1
80 0.45 1
80 0.46 1
80 0.47 1
80 0.48 1
80 0.49 1
80 0.5 1
80 0.51 1
80 0.52 1
80 0.53 1
80 0.54 1
80 0.55 1
80 0.56 1
80 0.57 1
80 0.58 1
80 0.59 1
80 0.6 1
80 0.61 1
80 0.62 1
80 0.63 1
80 0.64 1
80 0.65 1
80 0.66 1
80 0.67 1
80 0.68 1
80 0.69 1
80 0.7 1
80 0.71 1
80 0.72 1
80 0.73 1
80 0.74 1
80 0.75 1
80 0.76 1
80 0.77 1
80 0.78 1
80 0.79 1
80 0.8 1
80 0.81 1
80 0.82 1
80 0.83 1
80 0.839999 1
80 0.849999 1
80 0.859999 1
80 0.869999 1
80 0.879999 1
80 0.889999 1
80 0.899999 1
80 0.909999 1
80 0.919999 1
80 0.929999 1
80 0.939999 1
80 0.949999 1
80 0.959999 1
80 0.969999 1
80 0.979999 1
80 0.989999 1
100 0 7.4
100 0.01 1
100 0.02 1
100 0.03 1
100 0.04 1
100 0.05 1
100 0.06 1
100 0.07 1
100 0.08 1
100 0.09 1
100 0.1 1
100 0.11 1
100 0.12 1
100 0.13 1
100 0.14 1
100 0.15 1
100 0.16 1
100 0.17 1
100 0.18 1
100 0.19 1
100 0.2 1
100 0.21 1
100 0.22 1
100 0.23 1
100 0.24 1
100 0.25 1
100 0.26 1
100 0.27 1
100 0.28 1
100 0.29 1
100 0.3 1
100 0.31 1
100 0.32 1
100 0.33 1
100 0.34 1
100 0.35 1
100 0.36 1
100 0.37 1
100 0.38 1
100 0.39 1
100 0.4 1
100 0.41 1
100 0.42 1
100 0.43 1
100 0.44 1
100 0.45 1
100 0.46 1
100 0.47 1
100 0.48 1
100 0.49 1
100 0.5 1
100 0.51 1
100 0.52 1
100 0.53 1
100 0.54 1
100 0.55 1
100 0.56 1
100 0.57 1
100 0.58 1
100 0.59 1
100 0.6 1
100 0.61 1
100 0.62 1
100 0.63 1
100 0.64 1
100 0.65 1
100 0.66 1
100 0.67 1
100 0.68 1
100 0.69 1
100 0.7 1
100 0.71 1
100 0.72 1
100 0.73 1
100 0.74 1
100 0.75 1
100 0.76 1
100 0.77 1
100 0.78 1
100 0.79 1
100 0.8 1
100 0.81 1
100 0.82 1
100 0.83 1
100 0.839999 1
100 0.849999 1
100 0.859999 1
100 0.869999 1
100 0.879999 1
100 0.889999 1
100 0.899999 1
100 0.909999 1
100 0.919999 1
100 0.929999 1
100 0.939999 1
100 0.949999 1
100 0.959999 1
100 0.969999 1
100 0.979999 1
100 0.989999 1
