10 0 9.06 0
10 0.005 9.3 0
10 0.01 8.3 0
10 0.015 8.08 0
10 0.02 7.02 0
10 0.025 7.06 0
10 0.03 6.3 0
10 0.035 6.7 0
10 0.04 5.66 0.02
10 0.045 5.66 0.04
10 0.05 5.96 0.02
10 0.055 5.16 0.02
10 0.06 5.12 0.04
10 0.065 4.18 0.18
10 0.07 4.18 0.14
10 0.075 3.46 0.26
10 0.08 3 0.24
10 0.085 2.48 0.36
10 0.09 2.44 0.46
10 0.095 2.38 0.38
10 0.1 2.02 0.52
10 0.105 2 0.5
10 0.11 1.4 0.78
10 0.115 1.78 0.66
10 0.12 1.12 0.88
10 0.125 1.32 0.76
10 0.13 1.36 0.74
10 0.135 1.42 0.74
10 0.14 1.2 0.84
10 0.145 1.22 0.84
10 0.15 1.2 0.88
10 0.155 1.06 0.94
10 0.16 1.18 0.86
10 0.165 1.12 0.92
10 0.17 1.12 0.94
10 0.175 1.06 0.96
10 0.18 1.1 0.9
10 0.185 1 1
10 0.19 1.06 0.96
10 0.195 1.08 0.94
10 0.2 1.08 0.96
10 0.205 1 1
10 0.21 1.02 0.98
10 0.215 1.04 0.96
10 0.22 1.02 0.98
10 0.225 1.02 0.98
10 0.23 1 1
10 0.235 1 1
10 0.24 1.04 0.96
10 0.245 1.02 0.98
10 0.25 1 1
10 0.255 1 1
10 0.26 1 1
10 0.265 1.02 0.98
10 0.27 1 1
10 0.275 1 1
10 0.28 1 1
10 0.285 1 1
10 0.29 1 1
10 0.295 1 1
10 0.3 1 1
10 0.305 1 1
10 0.31 1 1
10 0.315 1 1
10 0.32 1 1
10 0.325 1 1
10 0.33 1 1
10 0.335 1 1
10 0.34 1 1
10 0.345 1 1
10 0.35 1 1
10 0.355 1 1
10 0.36 1 1
10 0.365 1 1
10 0.37 1 1
10 0.375 1 1
10 0.38 1 1
10 0.385 1 1
10 0.39 1 1
10 0.395 1 1
10 0.4 1 1
10 0.405 1 1
10 0.41 1 1
10 0.415 1 1
10 0.42 1 1
10 0.425 1 1
10 0.43 1 1
10 0.435 1 1
10 0.44 1 1
10 0.445 1 1
10 0.45 1 1
10 0.455 1 1
10 0.46 1 1
10 0.465 1 1
10 0.47 1 1
10 0.475 1 1
10 0.48 1 1
10 0.485 1 1
10 0.49 1 1
10 0.495 1 1
20 0 16.12 0
20 0.005 16.06 0
20 0.01 12.64 0
20 0.015 11.76 0
20 0.02 8.84 0.04
20 0.025 8.2 0.04
20 0.03 5.56 0.22
20 0.035 5.66 0.1
20 0.04 2.16 0.64
20 0.045 2.26 0.5
20 0.05 3.16 0.44
20 0.055 1.5 0.78
20 0.06 1.58 0.7
20 0.065 1.14 0.88
20 0.07 1.02 0.98
20 0.075 1.02 0.98
20 0.08 1 1
20 0.085 1.02 0.98
20 0.09 1.04 0.98
20 0.095 1.02 0.98
20 0.1 1 1
20 0.105 1 1
20 0.11 1 1
20 0.115 1 1
20 0.12 1.04 0.98
20 0.125 1 1
20 0.13 1.02 0.98
20 0.135 1 1
20 0.14 1 1
20 0.145 1 1
20 0.15 1 1
20 0.155 1 1
20 0.16 1 1
20 0.165 1 1
20 0.17 1 1
20 0.175 1 1
20 0.18 1 1
20 0.185 1 1
20 0.19 1 1
20 0.195 1 1
20 0.2 1 1
20 0.205 1 1
20 0.21 1 1
20 0.215 1 1
20 0.22 1 1
20 0.225 1 1
20 0.23 1 1
20 0.235 1 1
20 0.24 1 1
20 0.245 1 1
20 0.25 1 1
20 0.255 1 1
20 0.26 1 1
20 0.265 1 1
20 0.27 1 1
20 0.275 1 1
20 0.28 1 1
20 0.285 1 1
20 0.29 1 1
20 0.295 1 1
20 0.3 1 1
20 0.305 1 1
20 0.31 1 1
20 0.315 1 1
20 0.32 1 1
20 0.325 1 1
20 0.33 1 1
20 0.335 1 1
20 0.34 1 1
20 0.345 1 1
20 0.35 1 1
20 0.355 1 1
20 0.36 1 1
20 0.365 1 1
20 0.37 1 1
20 0.375 1 1
20 0.38 1 1
20 0.385 1 1
20 0.39 1 1
20 0.395 1 1
20 0.4 1 1
20 0.405 1 1
20 0.41 1 1
20 0.415 1 1
20 0.42 1 1
20 0.425 1 1
20 0.43 1 1
20 0.435 1 1
20 0.44 1 1
20 0.445 1 1
20 0.45 1 1
20 0.455 1 1
20 0.46 1 1
20 0.465 1 1
20 0.47 1 1
20 0.475 1 1
20 0.48 1 1
20 0.485 1 1
20 0.49 1 1
20 0.495 1 1
40 0 23.7 0
40 0.005 24.98 0
40 0.01 7.38 0.16
40 0.015 8.08 0.2
40 0.02 1.18 0.88
40 0.025 1.56 0.76
40 0.03 1.02 0.98
40 0.035 1.06 0.94
40 0.04 1 1
40 0.045 1.02 0.98
40 0.05 1.04 0.96
40 0.055 1 1
40 0.06 1.02 0.98
40 0.065 1 1
40 0.07 1.02 0.98
40 0.075 1.02 0.98
40 0.08 1 1
40 0.085 1 1
40 0.09 1 1
40 0.095 1 1
40 0.1 1 1
40 0.105 1 1
40 0.11 1 1
40 0.115 1 1
40 0.12 1 1
40 0.125 1 1
40 0.13 1 1
40 0.135 1 1
40 0.14 1 1
40 0.145 1 1
40 0.15 1 1
40 0.155 1 1
40 0.16 1 1
40 0.165 1 1
40 0.17 1 1
40 0.175 1 1
40 0.18 1 1
40 0.185 1 1
40 0.19 1 1
40 0.195 1 1
40 0.2 1 1
40 0.205 1 1
40 0.21 1 1
40 0.215 1 1
40 0.22 1 1
40 0.225 1 1
40 0.23 1 1
40 0.235 1 1
40 0.24 1 1
40 0.245 1 1
40 0.25 1 1
40 0.255 1 1
40 0.26 1 1
40 0.265 1 1
40 0.27 1 1
40 0.275 1 1
40 0.28 1 1
40 0.285 1 1
40 0.29 1 1
40 0.295 1 1
40 0.3 1 1
40 0.305 1 1
40 0.31 1 1
40 0.315 1 1
40 0.32 1 1
40 0.325 1 1
40 0.33 1 1
40 0.335 1 1
40 0.34 1 1
40 0.345 1 1
40 0.35 1 1
40 0.355 1 1
40 0.36 1 1
40 0.365 1 1
40 0.37 1 1
40 0.375 1 1
40 0.38 1 1
40 0.385 1 1
40 0.39 1 1
40 0.395 1 1
40 0.4 1 1
40 0.405 1 1
40 0.41 1 1
40 0.415 1 1
40 0.42 1 1
40 0.425 1 1
40 0.43 1 1
40 0.435 1 1
40 0.44 1 1
40 0.445 1 1
40 0.45 1 1
40 0.455 1 1
40 0.46 1 1
40 0.465 1 1
40 0.47 1 1
40 0.475 1 1
40 0.48 1 1
40 0.485 1 1
40 0.49 1 1
40 0.495 1 1
60 0 20.42 0.04
60 0.005 22.68 0
60 0.01 1.2 0.82
60 0.015 1.16 0.9
60 0.02 1.04 0.96
60 0.025 1.04 0.96
60 0.03 1 1
60 0.035 1 1
60 0.04 1 1
60 0.045 1 1
60 0.05 1.02 0.98
60 0.055 1 1
60 0.06 1 1
60 0.065 1 1
60 0.07 1 1
60 0.075 1 1
60 0.08 1 1
60 0.085 1 1
60 0.09 1 1
60 0.095 1 1
60 0.1 1 1
60 0.105 1 1
60 0.11 1 1
60 0.115 1 1
60 0.12 1 1
60 0.125 1 1
60 0.13 1 1
60 0.135 1 1
60 0.14 1 1
60 0.145 1 1
60 0.15 1 1
60 0.155 1 1
60 0.16 1 1
60 0.165 1 1
60 0.17 1 1
60 0.175 1 1
60 0.18 1 1
60 0.185 1 1
60 0.19 1 1
60 0.195 1 1
60 0.2 1 1
60 0.205 1 1
60 0.21 1 1
60 0.215 1 1
60 0.22 1 1
60 0.225 1 1
60 0.23 1 1
60 0.235 1 1
60 0.24 1 1
60 0.245 1 1
60 0.25 1 1
60 0.255 1 1
60 0.26 1 1
60 0.265 1 1
60 0.27 1 1
60 0.275 1 1
60 0.28 1 1
60 0.285 1 1
60 0.29 1 1
60 0.295 1 1
60 0.3 1 1
60 0.305 1 1
60 0.31 1 1
60 0.315 1 1
60 0.32 1 1
60 0.325 1 1
60 0.33 1 1
60 0.335 1 1
60 0.34 1 1
60 0.345 1 1
60 0.35 1 1
60 0.355 1 1
60 0.36 1 1
60 0.365 1 1
60 0.37 1 1
60 0.375 1 1
60 0.38 1 1
60 0.385 1 1
60 0.39 1 1
60 0.395 1 1
60 0.4 1 1
60 0.405 1 1
60 0.41 1 1
60 0.415 1 1
60 0.42 1 1
60 0.425 1 1
60 0.43 1 1
60 0.435 1 1
60 0.44 1 1
60 0.445 1 1
60 0.45 1 1
60 0.455 1 1
60 0.46 1 1
60 0.465 1 1
60 0.47 1 1
60 0.475 1 1
60 0.48 1 1
60 0.485 1 1
60 0.49 1 1
60 0.495 1 1
80 0 11.62 0.14
80 0.005 12.92 0.16
80 0.01 1.06 0.94
80 0.015 1.06 0.94
80 0.02 1.06 0.94
80 0.025 1.02 0.98
80 0.03 1 1
80 0.035 1 1
80 0.04 1 1
80 0.045 1 1
80 0.05 1 1
80 0.055 1 1
80 0.06 1 1
80 0.065 1 1
80 0.07 1 1
80 0.075 1 1
80 0.08 1 1
80 0.085 1 1
80 0.09 1 1
80 0.095 1 1
80 0.1 1 1
80 0.105 1 1
80 0.11 1 1
80 0.115 1 1
80 0.12 1 1
80 0.125 1 1
80 0.13 1 1
80 0.135 1 1
80 0.14 1 1
80 0.145 1 1
80 0.15 1 1
80 0.155 1 1
80 0.16 1 1
80 0.165 1 1
80 0.17 1 1
80 0.175 1 1
80 0.18 1 1
80 0.185 1 1
80 0.19 1 1
80 0.195 1 1
80 0.2 1 1
80 0.205 1 1
80 0.21 1 1
80 0.215 1 1
80 0.22 1 1
80 0.225 1 1
80 0.23 1 1
80 0.235 1 1
80 0.24 1 1
80 0.245 1 1
80 0.25 1 1
80 0.255 1 1
80 0.26 1 1
80 0.265 1 1
80 0.27 1 1
80 0.275 1 1
80 0.28 1 1
80 0.285 1 1
80 0.29 1 1
80 0.295 1 1
80 0.3 1 1
80 0.305 1 1
80 0.31 1 1
80 0.315 1 1
80 0.32 1 1
80 0.325 1 1
80 0.33 1 1
80 0.335 1 1
80 0.34 1 1
80 0.345 1 1
80 0.35 1 1
80 0.355 1 1
80 0.36 1 1
80 0.365 1 1
80 0.37 1 1
80 0.375 1 1
80 0.38 1 1
80 0.385 1 1
80 0.39 1 1
80 0.395 1 1
80 0.4 1 1
80 0.405 1 1
80 0.41 1 1
80 0.415 1 1
80 0.42 1 1
80 0.425 1 1
80 0.43 1 1
80 0.435 1 1
80 0.44 1 1
80 0.445 1 1
80 0.45 1 1
80 0.455 1 1
80 0.46 1 1
80 0.465 1 1
80 0.47 1 1
80 0.475 1 1
80 0.48 1 1
80 0.485 1 1
80 0.49 1 1
80 0.495 1 1
100 0 2.58 0.7
100 0.005 1.7 0.7
100 0.01 1.02 0.98
100 0.015 1.06 0.94
100 0.02 1 1
100 0.025 1 1
100 0.03 1 1
100 0.035 1 1
100 0.04 1 1
100 0.045 1 1
100 0.05 1 1
100 0.055 1 1
100 0.06 1 1
100 0.065 1 1
100 0.07 1 1
100 0.075 1 1
100 0.08 1 1
100 0.085 1 1
100 0.09 1 1
100 0.095 1 1
100 0.1 1 1
100 0.105 1 1
100 0.11 1 1
100 0.115 1 1
100 0.12 1 1
100 0.125 1 1
100 0.13 1 1
100 0.135 1 1
100 0.14 1 1
100 0.145 1 1
100 0.15 1 1
100 0.155 1 1
100 0.16 1 1
100 0.165 1 1
100 0.17 1 1
100 0.175 1 1
100 0.18 1 1
100 0.185 1 1
100 0.19 1 1
100 0.195 1 1
100 0.2 1 1
100 0.205 1 1
100 0.21 1 1
100 0.215 1 1
100 0.22 1 1
100 0.225 1 1
100 0.23 1 1
100 0.235 1 1
100 0.24 1 1
100 0.245 1 1
100 0.25 1 1
100 0.255 1 1
100 0.26 1 1
100 0.265 1 1
100 0.27 1 1
100 0.275 1 1
100 0.28 1 1
100 0.285 1 1
100 0.29 1 1
100 0.295 1 1
100 0.3 1 1
100 0.305 1 1
100 0.31 1 1
100 0.315 1 1
100 0.32 1 1
100 0.325 1 1
100 0.33 1 1
100 0.335 1 1
100 0.34 1 1
100 0.345 1 1
100 0.35 1 1
100 0.355 1 1
100 0.36 1 1
100 0.365 1 1
100 0.37 1 1
100 0.375 1 1
100 0.38 1 1
100 0.385 1 1
100 0.39 1 1
100 0.395 1 1
100 0.4 1 1
100 0.405 1 1
100 0.41 1 1
100 0.415 1 1
100 0.42 1 1
100 0.425 1 1
100 0.43 1 1
100 0.435 1 1
100 0.44 1 1
100 0.445 1 1
100 0.45 1 1
100 0.455 1 1
100 0.46 1 1
100 0.465 1 1
100 0.47 1 1
100 0.475 1 1
100 0.48 1 1
100 0.485 1 1
100 0.49 1 1
100 0.495 1 1
