10 0 9.4
10 0.005 9.6
10 0.01 8
10 0.015 8.2
10 0.02 7
10 0.025 6
10 0.03 6.6
10 0.035 6
10 0.04 5.8
10 0.045 7.2
10 0.05 6.2
10 0.055 5
10 0.06 3.6
10 0.065 3.2
10 0.07 2.8
10 0.075 3.4
10 0.08 3.2
10 0.085 3.6
10 0.09 3.8
10 0.095 2
10 0.1 3.2
10 0.105 3.6
10 0.11 1.8
10 0.115 1.8
10 0.12 1.8
10 0.125 1
10 0.13 1
10 0.135 1.8
10 0.14 1
10 0.145 1.4
10 0.15 1
10 0.155 1.2
10 0.16 1
10 0.165 1
10 0.17 1.2
10 0.175 1
10 0.18 1
10 0.185 1.4
10 0.19 1
10 0.195 1
10 0.2 1.2
10 0.205 1
10 0.21 1
10 0.215 1
10 0.22 1
10 0.225 1
10 0.23 1
10 0.235 1
10 0.24 1
10 0.245 1
10 0.25 1
10 0.255 1
10 0.26 1
10 0.265 1
10 0.27 1
10 0.275 1
10 0.28 1
10 0.285 1
10 0.29 1
10 0.295 1
10 0.3 1.2
10 0.305 1
10 0.31 1
10 0.315 1
10 0.32 1
10 0.325 1
10 0.33 1
10 0.335 1
10 0.34 1
10 0.345 1
10 0.35 1
10 0.355 1
10 0.36 1
10 0.365 1
10 0.37 1
10 0.375 1
10 0.38 1
10 0.385 1
10 0.39 1
10 0.395 1
10 0.4 1
10 0.405 1
10 0.41 1
10 0.415 1
10 0.42 1
10 0.425 1
10 0.43 1
10 0.435 1
10 0.44 1
10 0.445 1
10 0.45 1
10 0.455 1
10 0.46 1
10 0.465 1
10 0.47 1
10 0.475 1
10 0.48 1
10 0.485 1
10 0.49 1
10 0.495 1
20 0 16.6
20 0.005 16
20 0.01 12.4
20 0.015 11.8
20 0.02 7.8
20 0.025 9.8
20 0.03 5.2
20 0.035 5.6
20 0.04 3
20 0.045 2.6
20 0.05 2.8
20 0.055 1
20 0.06 1
20 0.065 1
20 0.07 1.2
20 0.075 1
20 0.08 1
20 0.085 1.2
20 0.09 1
20 0.095 1
20 0.1 1
20 0.105 1
20 0.11 1
20 0.115 1
20 0.12 1
20 0.125 1
20 0.13 1
20 0.135 1
20 0.14 1
20 0.145 1
20 0.15 1
20 0.155 1
20 0.16 1
20 0.165 1
20 0.17 1
20 0.175 1
20 0.18 1
20 0.185 1
20 0.19 1
20 0.195 1
20 0.2 1
20 0.205 1
20 0.21 1
20 0.215 1
20 0.22 1
20 0.225 1
20 0.23 1
20 0.235 1
20 0.24 1
20 0.245 1
20 0.25 1
20 0.255 1
20 0.26 1
20 0.265 1
20 0.27 1
20 0.275 1
20 0.28 1
20 0.285 1
20 0.29 1
20 0.295 1
20 0.3 1
20 0.305 1
20 0.31 1
20 0.315 1
20 0.32 1
20 0.325 1
20 0.33 1
20 0.335 1
20 0.34 1
20 0.345 1
20 0.35 1
20 0.355 1
20 0.36 1
20 0.365 1
20 0.37 1
20 0.375 1
20 0.38 1
20 0.385 1
20 0.39 1
20 0.395 1
20 0.4 1
20 0.405 1
20 0.41 1
20 0.415 1
20 0.42 1
20 0.425 1
20 0.43 1
20 0.435 1
20 0.44 1
20 0.445 1
20 0.45 1
20 0.455 1
20 0.46 1
20 0.465 1
20 0.47 1
20 0.475 1
20 0.48 1
20 0.485 1
20 0.49 1
20 0.495 1
40 0 24.6
40 0.005 25
40 0.01 6.2
40 0.015 3
40 0.02 1
40 0.025 1
40 0.03 1
40 0.035 1.2
40 0.04 1
40 0.045 1
40 0.05 1
40 0.055 1
40 0.06 1
40 0.065 1
40 0.07 1
40 0.075 1
40 0.08 1
40 0.085 1
40 0.09 1
40 0.095 1
40 0.1 1
40 0.105 1
40 0.11 1
40 0.115 1
40 0.12 1
40 0.125 1
40 0.13 1
40 0.135 1
40 0.14 1
40 0.145 1
40 0.15 1
40 0.155 1
40 0.16 1
40 0.165 1
40 0.17 1
40 0.175 1
40 0.18 1
40 0.185 1
40 0.19 1
40 0.195 1
40 0.2 1
40 0.205 1
40 0.21 1
40 0.215 1
40 0.22 1
40 0.225 1
40 0.23 1
40 0.235 1
40 0.24 1
40 0.245 1
40 0.25 1
40 0.255 1
40 0.26 1
40 0.265 1
40 0.27 1
40 0.275 1
40 0.28 1
40 0.285 1
40 0.29 1
40 0.295 1
40 0.3 1
40 0.305 1
40 0.31 1
40 0.315 1
40 0.32 1
40 0.325 1
40 0.33 1
40 0.335 1
40 0.34 1
40 0.345 1
40 0.35 1
40 0.355 1
40 0.36 1
40 0.365 1
40 0.37 1
40 0.375 1
40 0.38 1
40 0.385 1
40 0.39 1
40 0.395 1
40 0.4 1
40 0.405 1
40 0.41 1
40 0.415 1
40 0.42 1
40 0.425 1
40 0.43 1
40 0.435 1
40 0.44 1
40 0.445 1
40 0.45 1
40 0.455 1
40 0.46 1
40 0.465 1
40 0.47 1
40 0.475 1
40 0.48 1
40 0.485 1
40 0.49 1
40 0.495 1
60 0 23.6
60 0.005 17
60 0.01 1
60 0.015 1
60 0.02 1
60 0.025 1.2
60 0.03 1
60 0.035 1
60 0.04 1
60 0.045 1
60 0.05 1
60 0.055 1
60 0.06 1
60 0.065 1
60 0.07 1
60 0.075 1
60 0.08 1
60 0.085 1
60 0.09 1
60 0.095 1
60 0.1 1
60 0.105 1
60 0.11 1
60 0.115 1
60 0.12 1
60 0.125 1
60 0.13 1
60 0.135 1
60 0.14 1
60 0.145 1
60 0.15 1
60 0.155 1
60 0.16 1
60 0.165 1
60 0.17 1
60 0.175 1
60 0.18 1
60 0.185 1
60 0.19 1
60 0.195 1
60 0.2 1
60 0.205 1
60 0.21 1
60 0.215 1
60 0.22 1
60 0.225 1
60 0.23 1
60 0.235 1
60 0.24 1
60 0.245 1
60 0.25 1
60 0.255 1
60 0.26 1
60 0.265 1
60 0.27 1
60 0.275 1
60 0.28 1
60 0.285 1
60 0.29 1
60 0.295 1
60 0.3 1
60 0.305 1
60 0.31 1
60 0.315 1
60 0.32 1
60 0.325 1
60 0.33 1
60 0.335 1
60 0.34 1
60 0.345 1
60 0.35 1
60 0.355 1
60 0.36 1
60 0.365 1
60 0.37 1
60 0.375 1
60 0.38 1
60 0.385 1
60 0.39 1
60 0.395 1
60 0.4 1
60 0.405 1
60 0.41 1
60 0.415 1
60 0.42 1
60 0.425 1
60 0.43 1
60 0.435 1
60 0.44 1
60 0.445 1
60 0.45 1
60 0.455 1
60 0.46 1
60 0.465 1
60 0.47 1
60 0.475 1
60 0.48 1
60 0.485 1
60 0.49 1
60 0.495 1
80 0 12.2
80 0.005 6.6
80 0.01 1
80 0.015 1
80 0.02 1
80 0.025 1
80 0.03 1
80 0.035 1
80 0.04 1
80 0.045 1
80 0.05 1
80 0.055 1
80 0.06 1
80 0.065 1
80 0.07 1
80 0.075 1
80 0.08 1
80 0.085 1
80 0.09 1
80 0.095 1
80 0.1 1
80 0.105 1
80 0.11 1
80 0.115 1
80 0.12 1
80 0.125 1
80 0.13 1
80 0.135 1
80 0.14 1
80 0.145 1
80 0.15 1
80 0.155 1
80 0.16 1
80 0.165 1
80 0.17 1
80 0.175 1
80 0.18 1
80 0.185 1
80 0.19 1
80 0.195 1
80 0.2 1
80 0.205 1
80 0.21 1
80 0.215 1
80 0.22 1
80 0.225 1
80 0.23 1
80 0.235 1
80 0.24 1
80 0.245 1
80 0.25 1
80 0.255 1
80 0.26 1
80 0.265 1
80 0.27 1
80 0.275 1
80 0.28 1
80 0.285 1
80 0.29 1
80 0.295 1
80 0.3 1
80 0.305 1
80 0.31 1
80 0.315 1
80 0.32 1
80 0.325 1
80 0.33 1
80 0.335 1
80 0.34 1
80 0.345 1
80 0.35 1
80 0.355 1
80 0.36 1
80 0.365 1
80 0.37 1
80 0.375 1
80 0.38 1
80 0.385 1
80 0.39 1
80 0.395 1
80 0.4 1
80 0.405 1
80 0.41 1
80 0.415 1
80 0.42 1
80 0.425 1
80 0.43 1
80 0.435 1
80 0.44 1
80 0.445 1
80 0.45 1
80 0.455 1
80 0.46 1
80 0.465 1
80 0.47 1
80 0.475 1
80 0.48 1
80 0.485 1
80 0.49 1
80 0.495 1
100 0 1.6
100 0.005 2.4
100 0.01 1
100 0.015 1.2
100 0.02 1
100 0.025 1
100 0.03 1
100 0.035 1
100 0.04 1
100 0.045 1
100 0.05 1
100 0.055 1
100 0.06 1
100 0.065 1
100 0.07 1
100 0.075 1
100 0.08 1
100 0.085 1
100 0.09 1
100 0.095 1
100 0.1 1
100 0.105 1
100 0.11 1
100 0.115 1
100 0.12 1
100 0.125 1
100 0.13 1
100 0.135 1
100 0.14 1
100 0.145 1
100 0.15 1
100 0.155 1
100 0.16 1
100 0.165 1
100 0.17 1
100 0.175 1
100 0.18 1
100 0.185 1
100 0.19 1
100 0.195 1
100 0.2 1
100 0.205 1
100 0.21 1
100 0.215 1
100 0.22 1
100 0.225 1
100 0.23 1
100 0.235 1
100 0.24 1
100 0.245 1
100 0.25 1
100 0.255 1
100 0.26 1
100 0.265 1
100 0.27 1
100 0.275 1
100 0.28 1
100 0.285 1
100 0.29 1
100 0.295 1
100 0.3 1
100 0.305 1
100 0.31 1
100 0.315 1
100 0.32 1
100 0.325 1
100 0.33 1
100 0.335 1
100 0.34 1
100 0.345 1
100 0.35 1
100 0.355 1
100 0.36 1
100 0.365 1
100 0.37 1
100 0.375 1
100 0.38 1
100 0.385 1
100 0.39 1
100 0.395 1
100 0.4 1
100 0.405 1
100 0.41 1
100 0.415 1
100 0.42 1
100 0.425 1
100 0.43 1
100 0.435 1
100 0.44 1
100 0.445 1
100 0.45 1
100 0.455 1
100 0.46 1
100 0.465 1
100 0.47 1
100 0.475 1
100 0.48 1
100 0.485 1
100 0.49 1
100 0.495 1
