10 0 9.6
10 0.001 9.6
10 0.002 8
10 0.003 8.4
10 0.004 9.2
10 0.005 8.6
10 0.006 9.2
10 0.007 9.2
10 0.008 8.8
10 0.009 8.8
10 0.01 8.8
10 0.011 9.8
10 0.012 8.4
10 0.013 8.8
10 0.014 8.8
10 0.015 8.2
10 0.016 8.2
10 0.017 8.2
10 0.018 8
10 0.019 7.6
10 0.02 8.6
10 0.021 6.4
10 0.022 7
10 0.023 7.6
10 0.024 7.4
10 0.025 7
10 0.026 8.2
10 0.027 8.6
10 0.028 8
10 0.029 6.6
10 0.03 7.2
10 0.031 6.8
10 0.032 6.4
10 0.033 6
10 0.034 5.4
10 0.035 7.2
10 0.036 7.2
10 0.037 6.6
10 0.038 5.8
10 0.039 5.4
10 0.04 7.8
10 0.041 6.8
10 0.042 7.2
10 0.043 4.4
10 0.044 5
10 0.045 6.8
10 0.046 4.2
10 0.047 6
10 0.048 6.6
10 0.049 5.4
10 0.05 6.2
10 0.051 5.4
10 0.052 5.2
10 0.053 4
10 0.054 4.6
10 0.055 5
10 0.056 4.8
10 0.057 6.8
10 0.058 4.6
10 0.059 5.2
10 0.06 6
10 0.061 4.6
10 0.062 4.4
10 0.0629999 3.4
10 0.064 4.2
10 0.065 4
10 0.066 3.6
10 0.067 3.6
10 0.068 4.4
10 0.069 4.6
10 0.07 3.6
10 0.071 2.6
10 0.072 3.6
10 0.073 4
10 0.074 3
10 0.075 2.2
10 0.076 4.8
10 0.077 6
10 0.078 4
10 0.079 3
10 0.08 4
10 0.081 2.6
10 0.082 3.8
10 0.083 5.2
10 0.084 2.2
10 0.085 3.2
10 0.086 3
10 0.087 3
10 0.088 2
10 0.089 4.4
10 0.09 2
10 0.091 1.6
10 0.092 2.6
10 0.093 2.2
10 0.094 1.2
10 0.095 2.2
10 0.096 2.6
10 0.097 1.4
10 0.098 3.4
10 0.099 2
10 0.1 1.6
10 0.101 1
10 0.102 2
10 0.103 1
10 0.104 4
10 0.105 1.6
10 0.106 1.2
10 0.107 2
10 0.108 2.6
10 0.109 2
10 0.11 1
10 0.111 1.8
10 0.112 1.6
10 0.113 2
10 0.114 2.2
10 0.115 1.8
10 0.116 1
10 0.117 2
10 0.118 1.6
10 0.119 1.4
10 0.12 1.4
10 0.121 1.4
10 0.122 1.2
10 0.123 1
10 0.124 1.4
10 0.125 1.2
10 0.126 1.2
10 0.127 2.4
10 0.128 1
10 0.129 1.8
10 0.13 1.2
10 0.131 1.2
10 0.132 1.2
10 0.133 1
10 0.134 2.4
10 0.135 1.4
10 0.136 1.2
10 0.137 2
10 0.138 1
10 0.139 1.2
10 0.14 1
10 0.141 1.4
10 0.142 1.2
10 0.143 1.2
10 0.144 2
10 0.145 1.4
10 0.146 1.2
10 0.147 1.6
10 0.148 1
10 0.149 1
10 0.15 1.2
10 0.151 1
10 0.152 2
10 0.153 1
10 0.154 1
10 0.155 1
10 0.156 1
10 0.157 1
10 0.158 1.6
10 0.159 1
10 0.16 1
10 0.161 1.2
10 0.162 1
10 0.163 1
10 0.164 1
10 0.165 1
10 0.166 1.8
10 0.167 1
10 0.168 1.6
10 0.169 1
10 0.17 1
10 0.171 1.2
10 0.172 1
10 0.173 1
10 0.174 1.4
10 0.175 1
10 0.176 1
10 0.177 1.2
10 0.178 1
10 0.179 1
10 0.18 1.4
10 0.181 1
10 0.182 1
10 0.183 1
10 0.184 1
10 0.185 1
10 0.186 1
10 0.187 1.2
10 0.188 1
10 0.189 1
10 0.19 1.2
10 0.191 1
10 0.192 1
10 0.193 1
10 0.194 1
10 0.195 1
10 0.196 1.2
10 0.197 1
10 0.198 1.2
10 0.199 1.2
10 0.2 1
10 0.201 1
10 0.202 1
10 0.203 1
10 0.204 1
10 0.205 1
10 0.206 1
10 0.207 1
10 0.208 1
10 0.209 1.2
10 0.21 1
10 0.211 1
10 0.212 1
10 0.213 1
10 0.214 1
10 0.215 1
10 0.216 1
10 0.217 1.2
10 0.218 1
10 0.219 1
10 0.22 1
10 0.221 1
10 0.222 1
10 0.223 1
10 0.224 1
10 0.225 1.2
10 0.226 1
10 0.227 1
10 0.228 1
10 0.229 1
10 0.23 1
10 0.231 1
10 0.232 1
10 0.233 1
10 0.234 1
10 0.235 1
10 0.236 1
10 0.237 1
10 0.238 1
10 0.239 1
10 0.24 1
10 0.241 1
10 0.242 1
10 0.243 1
10 0.244 1
10 0.245 1
10 0.246 1
10 0.247 1
10 0.248 1
10 0.249 1
20 0 17
20 0.001 17.2
20 0.002 16.2
20 0.003 16.2
20 0.004 15.6
20 0.005 17.4
20 0.006 16
20 0.007 16
20 0.008 16.2
20 0.009 14.8
20 0.01 14
20 0.011 13.4
20 0.012 13.2
20 0.013 12.4
20 0.014 12.4
20 0.015 14.8
20 0.016 13.4
20 0.017 12.8
20 0.018 12.6
20 0.019 12.2
20 0.02 10.8
20 0.021 11.8
20 0.022 10.8
20 0.023 9
20 0.024 7.2
20 0.025 6.4
20 0.026 11.4
20 0.027 10.4
20 0.028 9.2
20 0.029 10
20 0.03 7.4
20 0.031 5.2
20 0.032 5.4
20 0.033 5.2
20 0.034 5.2
20 0.035 4
20 0.036 5.8
20 0.037 4.4
20 0.038 6.4
20 0.039 5.6
20 0.04 5.2
20 0.041 1.2
20 0.042 2.6
20 0.043 1.6
20 0.044 1.6
20 0.045 2.2
20 0.046 2.8
20 0.047 2
20 0.048 1.8
20 0.049 1.2
20 0.05 2.6
20 0.051 2.2
20 0.052 1.2
20 0.053 1
20 0.054 1.8
20 0.055 1.4
20 0.056 1
20 0.057 1.2
20 0.058 2.4
20 0.059 1.2
20 0.06 1.2
20 0.061 1
20 0.062 1
20 0.0629999 1
20 0.064 1
20 0.065 1.6
20 0.066 1
20 0.067 1
20 0.068 1
20 0.069 1
20 0.07 1
20 0.071 1
20 0.072 1
20 0.073 1
20 0.074 1.2
20 0.075 1
20 0.076 1
20 0.077 1
20 0.078 1
20 0.079 1
20 0.08 1
20 0.081 1
20 0.082 1
20 0.083 1
20 0.084 1.2
20 0.085 1
20 0.086 1
20 0.087 1
20 0.088 1
20 0.089 1
20 0.09 1
20 0.091 1
20 0.092 1
20 0.093 1
20 0.094 1
20 0.095 1.2
20 0.096 1.2
20 0.097 1
20 0.098 1
20 0.099 1
20 0.1 1
20 0.101 1
20 0.102 1
20 0.103 1
20 0.104 1
20 0.105 1
20 0.106 1
20 0.107 1
20 0.108 1
20 0.109 1
20 0.11 1
20 0.111 1
20 0.112 1
20 0.113 1
20 0.114 1
20 0.115 1
20 0.116 1
20 0.117 1
20 0.118 1
20 0.119 1
20 0.12 1
20 0.121 1
20 0.122 1
20 0.123 1
20 0.124 1
20 0.125 1
20 0.126 1.2
20 0.127 1
20 0.128 1
20 0.129 1
20 0.13 1
20 0.131 1
20 0.132 1
20 0.133 1
20 0.134 1
20 0.135 1
20 0.136 1
20 0.137 1
20 0.138 1
20 0.139 1
20 0.14 1
20 0.141 1
20 0.142 1
20 0.143 1
20 0.144 1
20 0.145 1
20 0.146 1
20 0.147 1
20 0.148 1
20 0.149 1
20 0.15 1
20 0.151 1
20 0.152 1
20 0.153 1
20 0.154 1
20 0.155 1
20 0.156 1
20 0.157 1
20 0.158 1
20 0.159 1
20 0.16 1
20 0.161 1
20 0.162 1
20 0.163 1
20 0.164 1
20 0.165 1
20 0.166 1
20 0.167 1
20 0.168 1
20 0.169 1
20 0.17 1
20 0.171 1
20 0.172 1
20 0.173 1
20 0.174 1
20 0.175 1
20 0.176 1
20 0.177 1
20 0.178 1
20 0.179 1
20 0.18 1
20 0.181 1
20 0.182 1
20 0.183 1
20 0.184 1
20 0.185 1
20 0.186 1
20 0.187 1
20 0.188 1
20 0.189 1
20 0.19 1
20 0.191 1
20 0.192 1
20 0.193 1
20 0.194 1
20 0.195 1
20 0.196 1
20 0.197 1
20 0.198 1
20 0.199 1
20 0.2 1
20 0.201 1
20 0.202 1
20 0.203 1
20 0.204 1
20 0.205 1
20 0.206 1
20 0.207 1
20 0.208 1
20 0.209 1
20 0.21 1
20 0.211 1
20 0.212 1
20 0.213 1
20 0.214 1
20 0.215 1
20 0.216 1
20 0.217 1
20 0.218 1
20 0.219 1
20 0.22 1
20 0.221 1
20 0.222 1
20 0.223 1
20 0.224 1
20 0.225 1
20 0.226 1
20 0.227 1
20 0.228 1
20 0.229 1
20 0.23 1
20 0.231 1
20 0.232 1
20 0.233 1
20 0.234 1
20 0.235 1
20 0.236 1
20 0.237 1
20 0.238 1
20 0.239 1
20 0.24 1
20 0.241 1
20 0.242 1
20 0.243 1
20 0.244 1
20 0.245 1
20 0.246 1
20 0.247 1
20 0.248 1
20 0.249 1
40 0 23.4
40 0.001 24.4
40 0.002 22.4
40 0.003 25.6
40 0.004 26.8
40 0.005 25
40 0.006 24.2
40 0.007 23.4
40 0.008 25
40 0.009 23.4
40 0.01 7.2
40 0.011 10.4
40 0.012 9.2
40 0.013 9.4
40 0.014 13.4
40 0.015 8.4
40 0.016 6.2
40 0.017 3.8
40 0.018 7.2
40 0.019 10.2
40 0.02 1
40 0.021 1
40 0.022 1
40 0.023 2.6
40 0.024 1.6
40 0.025 1.4
40 0.026 1.6
40 0.027 1.2
40 0.028 1.2
40 0.029 1
40 0.03 1
40 0.031 1
40 0.032 1
40 0.033 1
40 0.034 1
40 0.035 1.2
40 0.036 1
40 0.037 1
40 0.038 1
40 0.039 1
40 0.04 1
40 0.041 1
40 0.042 1
40 0.043 1
40 0.044 1
40 0.045 1
40 0.046 1
40 0.047 1
40 0.048 1
40 0.049 1.2
40 0.05 1
40 0.051 1
40 0.052 1
40 0.053 1
40 0.054 1
40 0.055 1
40 0.056 1
40 0.057 1
40 0.058 1
40 0.059 1
40 0.06 1
40 0.061 1
40 0.062 1
40 0.0629999 1
40 0.064 1
40 0.065 1.2
40 0.066 1
40 0.067 1
40 0.068 1
40 0.069 1
40 0.07 1
40 0.071 1
40 0.072 1
40 0.073 1
40 0.074 1
40 0.075 1
40 0.076 1
40 0.077 1
40 0.078 1
40 0.079 1
40 0.08 1
40 0.081 1
40 0.082 1
40 0.083 1
40 0.084 1
40 0.085 1
40 0.086 1
40 0.087 1
40 0.088 1
40 0.089 1
40 0.09 1
40 0.091 1
40 0.092 1
40 0.093 1
40 0.094 1
40 0.095 1
40 0.096 1
40 0.097 1
40 0.098 1
40 0.099 1
40 0.1 1
40 0.101 1
40 0.102 1
40 0.103 1
40 0.104 1
40 0.105 1
40 0.106 1
40 0.107 1
40 0.108 1
40 0.109 1
40 0.11 1
40 0.111 1
40 0.112 1
40 0.113 1
40 0.114 1
40 0.115 1
40 0.116 1
40 0.117 1
40 0.118 1
40 0.119 1
40 0.12 1
40 0.121 1
40 0.122 1
40 0.123 1
40 0.124 1
40 0.125 1
40 0.126 1
40 0.127 1
40 0.128 1
40 0.129 1
40 0.13 1
40 0.131 1
40 0.132 1
40 0.133 1
40 0.134 1
40 0.135 1
40 0.136 1
40 0.137 1
40 0.138 1
40 0.139 1
40 0.14 1
40 0.141 1
40 0.142 1
40 0.143 1
40 0.144 1
40 0.145 1
40 0.146 1
40 0.147 1
40 0.148 1
40 0.149 1
40 0.15 1
40 0.151 1
40 0.152 1
40 0.153 1
40 0.154 1
40 0.155 1
40 0.156 1
40 0.157 1
40 0.158 1
40 0.159 1
40 0.16 1
40 0.161 1
40 0.162 1
40 0.163 1
40 0.164 1
40 0.165 1
40 0.166 1
40 0.167 1
40 0.168 1
40 0.169 1
40 0.17 1
40 0.171 1
40 0.172 1
40 0.173 1
40 0.174 1
40 0.175 1
40 0.176 1
40 0.177 1
40 0.178 1
40 0.179 1
40 0.18 1
40 0.181 1
40 0.182 1
40 0.183 1
40 0.184 1
40 0.185 1
40 0.186 1
40 0.187 1
40 0.188 1
40 0.189 1
40 0.19 1
40 0.191 1
40 0.192 1
40 0.193 1
40 0.194 1
40 0.195 1
40 0.196 1
40 0.197 1
40 0.198 1
40 0.199 1
40 0.2 1
40 0.201 1
40 0.202 1
40 0.203 1
40 0.204 1
40 0.205 1
40 0.206 1
40 0.207 1
40 0.208 1
40 0.209 1
40 0.21 1
40 0.211 1
40 0.212 1
40 0.213 1
40 0.214 1
40 0.215 1
40 0.216 1
40 0.217 1
40 0.218 1
40 0.219 1
40 0.22 1
40 0.221 1
40 0.222 1
40 0.223 1
40 0.224 1
40 0.225 1
40 0.226 1
40 0.227 1
40 0.228 1
40 0.229 1
40 0.23 1
40 0.231 1
40 0.232 1
40 0.233 1
40 0.234 1
40 0.235 1
40 0.236 1
40 0.237 1
40 0.238 1
40 0.239 1
40 0.24 1
40 0.241 1
40 0.242 1
40 0.243 1
40 0.244 1
40 0.245 1
40 0.246 1
40 0.247 1
40 0.248 1
40 0.249 1
60 0 25.4
60 0.001 21
60 0.002 19.8
60 0.003 22.6
60 0.004 22.4
60 0.005 21
60 0.006 25.2
60 0.007 22
60 0.008 28.4
60 0.009 26.8
60 0.01 1.2
60 0.011 1
60 0.012 1.2
60 0.013 1
60 0.014 1
60 0.015 1.6
60 0.016 1.2
60 0.017 1
60 0.018 1
60 0.019 1
60 0.02 1
60 0.021 1
60 0.022 1
60 0.023 1
60 0.024 1
60 0.025 1
60 0.026 1
60 0.027 1
60 0.028 1
60 0.029 1
60 0.03 1
60 0.031 1
60 0.032 1
60 0.033 1
60 0.034 1
60 0.035 1
60 0.036 1
60 0.037 1
60 0.038 1
60 0.039 1
60 0.04 1
60 0.041 1
60 0.042 1
60 0.043 1
60 0.044 1
60 0.045 1
60 0.046 1
60 0.047 1
60 0.048 1
60 0.049 1
60 0.05 1
60 0.051 1
60 0.052 1
60 0.053 1
60 0.054 1
60 0.055 1
60 0.056 1
60 0.057 1
60 0.058 1
60 0.059 1
60 0.06 1
60 0.061 1
60 0.062 1
60 0.0629999 1
60 0.064 1
60 0.065 1
60 0.066 1
60 0.067 1
60 0.068 1
60 0.069 1
60 0.07 1
60 0.071 1
60 0.072 1
60 0.073 1
60 0.074 1
60 0.075 1
60 0.076 1
60 0.077 1
60 0.078 1
60 0.079 1
60 0.08 1
60 0.081 1
60 0.082 1
60 0.083 1
60 0.084 1
60 0.085 1
60 0.086 1
60 0.087 1
60 0.088 1
60 0.089 1
60 0.09 1
60 0.091 1
60 0.092 1
60 0.093 1
60 0.094 1
60 0.095 1
60 0.096 1
60 0.097 1
60 0.098 1
60 0.099 1
60 0.1 1
60 0.101 1
60 0.102 1
60 0.103 1
60 0.104 1
60 0.105 1
60 0.106 1
60 0.107 1
60 0.108 1
60 0.109 1
60 0.11 1
60 0.111 1
60 0.112 1
60 0.113 1
60 0.114 1
60 0.115 1
60 0.116 1
60 0.117 1
60 0.118 1
60 0.119 1
60 0.12 1
60 0.121 1
60 0.122 1
60 0.123 1
60 0.124 1
60 0.125 1
60 0.126 1
60 0.127 1
60 0.128 1
60 0.129 1
60 0.13 1
60 0.131 1
60 0.132 1
60 0.133 1
60 0.134 1
60 0.135 1
60 0.136 1
60 0.137 1
60 0.138 1
60 0.139 1
60 0.14 1
60 0.141 1
60 0.142 1
60 0.143 1
60 0.144 1
60 0.145 1
60 0.146 1
60 0.147 1
60 0.148 1
60 0.149 1
60 0.15 1
60 0.151 1
60 0.152 1
60 0.153 1
60 0.154 1
60 0.155 1
60 0.156 1
60 0.157 1
60 0.158 1
60 0.159 1
60 0.16 1
60 0.161 1
60 0.162 1
60 0.163 1
60 0.164 1
60 0.165 1
60 0.166 1
60 0.167 1
60 0.168 1
60 0.169 1
60 0.17 1
60 0.171 1
60 0.172 1
60 0.173 1
60 0.174 1
60 0.175 1
60 0.176 1
60 0.177 1
60 0.178 1
60 0.179 1
60 0.18 1
60 0.181 1
60 0.182 1
60 0.183 1
60 0.184 1
60 0.185 1
60 0.186 1
60 0.187 1
60 0.188 1
60 0.189 1
60 0.19 1
60 0.191 1
60 0.192 1
60 0.193 1
60 0.194 1
60 0.195 1
60 0.196 1
60 0.197 1
60 0.198 1
60 0.199 1
60 0.2 1
60 0.201 1
60 0.202 1
60 0.203 1
60 0.204 1
60 0.205 1
60 0.206 1
60 0.207 1
60 0.208 1
60 0.209 1
60 0.21 1
60 0.211 1
60 0.212 1
60 0.213 1
60 0.214 1
60 0.215 1
60 0.216 1
60 0.217 1
60 0.218 1
60 0.219 1
60 0.22 1
60 0.221 1
60 0.222 1
60 0.223 1
60 0.224 1
60 0.225 1
60 0.226 1
60 0.227 1
60 0.228 1
60 0.229 1
60 0.23 1
60 0.231 1
60 0.232 1
60 0.233 1
60 0.234 1
60 0.235 1
60 0.236 1
60 0.237 1
60 0.238 1
60 0.239 1
60 0.24 1
60 0.241 1
60 0.242 1
60 0.243 1
60 0.244 1
60 0.245 1
60 0.246 1
60 0.247 1
60 0.248 1
60 0.249 1
80 0 8
80 0.001 8.8
80 0.002 15.8
80 0.003 2.6
80 0.004 7.8
80 0.005 7.2
80 0.006 8.4
80 0.007 13.6
80 0.008 12.6
80 0.009 7
80 0.01 1
80 0.011 1
80 0.012 1.2
80 0.013 1
80 0.014 1
80 0.015 1
80 0.016 1
80 0.017 1
80 0.018 1
80 0.019 1
80 0.02 1
80 0.021 1
80 0.022 1
80 0.023 1
80 0.024 1
80 0.025 1
80 0.026 1
80 0.027 1
80 0.028 1
80 0.029 1
80 0.03 1
80 0.031 1
80 0.032 1
80 0.033 1
80 0.034 1.2
80 0.035 1
80 0.036 1
80 0.037 1
80 0.038 1
80 0.039 1
80 0.04 1
80 0.041 1
80 0.042 1
80 0.043 1
80 0.044 1
80 0.045 1
80 0.046 1
80 0.047 1
80 0.048 1
80 0.049 1
80 0.05 1
80 0.051 1
80 0.052 1
80 0.053 1
80 0.054 1
80 0.055 1
80 0.056 1
80 0.057 1
80 0.058 1
80 0.059 1
80 0.06 1
80 0.061 1
80 0.062 1
80 0.0629999 1
80 0.064 1
80 0.065 1
80 0.066 1
80 0.067 1
80 0.068 1
80 0.069 1
80 0.07 1
80 0.071 1
80 0.072 1
80 0.073 1
80 0.074 1
80 0.075 1
80 0.076 1
80 0.077 1
80 0.078 1
80 0.079 1
80 0.08 1
80 0.081 1
80 0.082 1
80 0.083 1
80 0.084 1
80 0.085 1
80 0.086 1
80 0.087 1
80 0.088 1
80 0.089 1
80 0.09 1
80 0.091 1
80 0.092 1
80 0.093 1
80 0.094 1
80 0.095 1
80 0.096 1
80 0.097 1
80 0.098 1
80 0.099 1
80 0.1 1
80 0.101 1
80 0.102 1
80 0.103 1
80 0.104 1
80 0.105 1
80 0.106 1
80 0.107 1
80 0.108 1
80 0.109 1
80 0.11 1
80 0.111 1
80 0.112 1
80 0.113 1
80 0.114 1
80 0.115 1
80 0.116 1
80 0.117 1
80 0.118 1
80 0.119 1
80 0.12 1
80 0.121 1
80 0.122 1
80 0.123 1
80 0.124 1
80 0.125 1
80 0.126 1
80 0.127 1
80 0.128 1
80 0.129 1
80 0.13 1
80 0.131 1
80 0.132 1
80 0.133 1
80 0.134 1
80 0.135 1
80 0.136 1
80 0.137 1
80 0.138 1
80 0.139 1
80 0.14 1
80 0.141 1
80 0.142 1
80 0.143 1
80 0.144 1
80 0.145 1
80 0.146 1
80 0.147 1
80 0.148 1
80 0.149 1
80 0.15 1
80 0.151 1
80 0.152 1
80 0.153 1
80 0.154 1
80 0.155 1
80 0.156 1
80 0.157 1
80 0.158 1
80 0.159 1
80 0.16 1
80 0.161 1
80 0.162 1
80 0.163 1
80 0.164 1
80 0.165 1
80 0.166 1
80 0.167 1
80 0.168 1
80 0.169 1
80 0.17 1
80 0.171 1
80 0.172 1
80 0.173 1
80 0.174 1
80 0.175 1
80 0.176 1
80 0.177 1
80 0.178 1
80 0.179 1
80 0.18 1
80 0.181 1
80 0.182 1
80 0.183 1
80 0.184 1
80 0.185 1
80 0.186 1
80 0.187 1
80 0.188 1
80 0.189 1
80 0.19 1
80 0.191 1
80 0.192 1
80 0.193 1
80 0.194 1
80 0.195 1
80 0.196 1
80 0.197 1
80 0.198 1
80 0.199 1
80 0.2 1
80 0.201 1
80 0.202 1
80 0.203 1
80 0.204 1
80 0.205 1
80 0.206 1
80 0.207 1
80 0.208 1
80 0.209 1
80 0.21 1
80 0.211 1
80 0.212 1
80 0.213 1
80 0.214 1
80 0.215 1
80 0.216 1
80 0.217 1
80 0.218 1
80 0.219 1
80 0.22 1
80 0.221 1
80 0.222 1
80 0.223 1
80 0.224 1
80 0.225 1
80 0.226 1
80 0.227 1
80 0.228 1
80 0.229 1
80 0.23 1
80 0.231 1
80 0.232 1
80 0.233 1
80 0.234 1
80 0.235 1
80 0.236 1
80 0.237 1
80 0.238 1
80 0.239 1
80 0.24 1
80 0.241 1
80 0.242 1
80 0.243 1
80 0.244 1
80 0.245 1
80 0.246 1
80 0.247 1
80 0.248 1
80 0.249 1
100 0 1.8
100 0.001 1.4
100 0.002 2
100 0.003 1
100 0.004 1
100 0.005 1.4
100 0.006 1.4
100 0.007 1.2
100 0.008 1.2
100 0.009 5.4
100 0.01 1
100 0.011 1
100 0.012 1
100 0.013 1
100 0.014 1
100 0.015 1
100 0.016 1
100 0.017 1
100 0.018 1
100 0.019 1
100 0.02 1
100 0.021 1
100 0.022 1
100 0.023 1
100 0.024 1
100 0.025 1
100 0.026 1
100 0.027 1
100 0.028 1
100 0.029 1
100 0.03 1
100 0.031 1
100 0.032 1
100 0.033 1
100 0.034 1
100 0.035 1
100 0.036 1
100 0.037 1
100 0.038 1
100 0.039 1
100 0.04 1
100 0.041 1
100 0.042 1
100 0.043 1
100 0.044 1
100 0.045 1
100 0.046 1
100 0.047 1
100 0.048 1
100 0.049 1
100 0.05 1
100 0.051 1
100 0.052 1
100 0.053 1
100 0.054 1
100 0.055 1
100 0.056 1
100 0.057 1
100 0.058 1
100 0.059 1
100 0.06 1
100 0.061 1
100 0.062 1
100 0.0629999 1
100 0.064 1
100 0.065 1
100 0.066 1
100 0.067 1
100 0.068 1
100 0.069 1
100 0.07 1
100 0.071 1
100 0.072 1
100 0.073 1
100 0.074 1
100 0.075 1
100 0.076 1
100 0.077 1
100 0.078 1
100 0.079 1
100 0.08 1
100 0.081 1
100 0.082 1
100 0.083 1
100 0.084 1
100 0.085 1
100 0.086 1
100 0.087 1
100 0.088 1
100 0.089 1
100 0.09 1
100 0.091 1
100 0.092 1
100 0.093 1
100 0.094 1
100 0.095 1
100 0.096 1
100 0.097 1
100 0.098 1
100 0.099 1
100 0.1 1
100 0.101 1
100 0.102 1
100 0.103 1
100 0.104 1
100 0.105 1
100 0.106 1
100 0.107 1
100 0.108 1
100 0.109 1
100 0.11 1
100 0.111 1
100 0.112 1
100 0.113 1
100 0.114 1
100 0.115 1
100 0.116 1
100 0.117 1
100 0.118 1
100 0.119 1
100 0.12 1
100 0.121 1
100 0.122 1
100 0.123 1
100 0.124 1
100 0.125 1
100 0.126 1
100 0.127 1
100 0.128 1
100 0.129 1
100 0.13 1
100 0.131 1
100 0.132 1
100 0.133 1
100 0.134 1
100 0.135 1
100 0.136 1
100 0.137 1
100 0.138 1
100 0.139 1
100 0.14 1
100 0.141 1
100 0.142 1
100 0.143 1
100 0.144 1
100 0.145 1
100 0.146 1
100 0.147 1
100 0.148 1
100 0.149 1
100 0.15 1
100 0.151 1
100 0.152 1
100 0.153 1
100 0.154 1
100 0.155 1
100 0.156 1
100 0.157 1
100 0.158 1
100 0.159 1
100 0.16 1
100 0.161 1
100 0.162 1
100 0.163 1
100 0.164 1
100 0.165 1
100 0.166 1
100 0.167 1
100 0.168 1
100 0.169 1
100 0.17 1
100 0.171 1
100 0.172 1
100 0.173 1
100 0.174 1
100 0.175 1
100 0.176 1
100 0.177 1
100 0.178 1
100 0.179 1
100 0.18 1
100 0.181 1
100 0.182 1
100 0.183 1
100 0.184 1
100 0.185 1
100 0.186 1
100 0.187 1
100 0.188 1
100 0.189 1
100 0.19 1
100 0.191 1
100 0.192 1
100 0.193 1
100 0.194 1
100 0.195 1
100 0.196 1
100 0.197 1
100 0.198 1
100 0.199 1
100 0.2 1
100 0.201 1
100 0.202 1
100 0.203 1
100 0.204 1
100 0.205 1
100 0.206 1
100 0.207 1
100 0.208 1
100 0.209 1
100 0.21 1
100 0.211 1
100 0.212 1
100 0.213 1
100 0.214 1
100 0.215 1
100 0.216 1
100 0.217 1
100 0.218 1
100 0.219 1
100 0.22 1
100 0.221 1
100 0.222 1
100 0.223 1
100 0.224 1
100 0.225 1
100 0.226 1
100 0.227 1
100 0.228 1
100 0.229 1
100 0.23 1
100 0.231 1
100 0.232 1
100 0.233 1
100 0.234 1
100 0.235 1
100 0.236 1
100 0.237 1
100 0.238 1
100 0.239 1
100 0.24 1
100 0.241 1
100 0.242 1
100 0.243 1
100 0.244 1
100 0.245 1
100 0.246 1
100 0.247 1
100 0.248 1
100 0.249 1
