20 0 16.8
20 0.01 11.4
20 0.02 8.4
20 0.03 3.4
20 0.04 2.6
20 0.05 1.4
20 0.06 1
20 0.07 1
20 0.08 1
20 0.09 1
20 0.1 1
20 0.11 1
20 0.12 1.2
20 0.13 1
20 0.14 1
20 0.15 1
20 0.16 1
20 0.17 1
20 0.18 1
20 0.19 1
20 0.2 1
20 0.21 1
20 0.22 1
20 0.23 1
20 0.24 1
20 0.25 1
20 0.26 1
20 0.27 1
20 0.28 1
20 0.29 1
20 0.3 1
20 0.31 1
20 0.32 1
20 0.33 1
20 0.34 1
20 0.35 1
20 0.36 1
20 0.37 1
20 0.38 1
20 0.39 1
20 0.4 1
20 0.41 1
20 0.42 1
20 0.43 1
20 0.44 1
20 0.45 1
20 0.46 1
20 0.47 1
20 0.48 1
20 0.49 1
20 0.5 1
20 0.51 1
20 0.52 1
20 0.53 1
20 0.54 1
20 0.55 1
20 0.56 1
20 0.57 1
20 0.58 1
20 0.59 1
20 0.6 1
20 0.61 1
20 0.62 1
20 0.63 1
20 0.64 1
20 0.65 1
20 0.66 1
20 0.67 1
20 0.68 1
20 0.69 1
20 0.7 1
20 0.71 1
20 0.72 1
20 0.73 1
20 0.74 1
20 0.75 1
20 0.76 1
20 0.77 1
20 0.78 1
20 0.79 1
20 0.8 1
20 0.81 1
20 0.82 1
20 0.83 1
20 0.839999 1
20 0.849999 1
20 0.859999 1
20 0.869999 1
20 0.879999 1
20 0.889999 1
20 0.899999 1
20 0.909999 1
20 0.919999 1
20 0.929999 1
20 0.939999 1
20 0.949999 1
20 0.959999 1
20 0.969999 1
20 0.979999 1
20 0.989999 1
60 0 24.8
60 0.01 1.6
60 0.02 1.2
60 0.03 1
60 0.04 1
60 0.05 1
60 0.06 1
60 0.07 1
60 0.08 1
60 0.09 1
60 0.1 1
60 0.11 1
60 0.12 1
60 0.13 1
60 0.14 1
60 0.15 1
60 0.16 1
60 0.17 1
60 0.18 1
60 0.19 1
60 0.2 1
60 0.21 1
60 0.22 1
60 0.23 1
60 0.24 1
60 0.25 1
60 0.26 1
60 0.27 1
60 0.28 1
60 0.29 1
60 0.3 1
60 0.31 1
60 0.32 1
60 0.33 1
60 0.34 1
60 0.35 1
60 0.36 1
60 0.37 1
60 0.38 1
60 0.39 1
60 0.4 1
60 0.41 1
60 0.42 1
60 0.43 1
60 0.44 1
60 0.45 1
60 0.46 1
60 0.47 1
60 0.48 1
60 0.49 1
60 0.5 1
60 0.51 1
60 0.52 1
60 0.53 1
60 0.54 1
60 0.55 1
60 0.56 1
60 0.57 1
60 0.58 1
60 0.59 1
60 0.6 1
60 0.61 1
60 0.62 1
60 0.63 1
60 0.64 1
60 0.65 1
60 0.66 1
60 0.67 1
60 0.68 1
60 0.69 1
60 0.7 1
60 0.71 1
60 0.72 1
60 0.73 1
60 0.74 1
60 0.75 1
60 0.76 1
60 0.77 1
60 0.78 1
60 0.79 1
60 0.8 1
60 0.81 1
60 0.82 1
60 0.83 1
60 0.839999 1
60 0.849999 1
60 0.859999 1
60 0.869999 1
60 0.879999 1
60 0.889999 1
60 0.899999 1
60 0.909999 1
60 0.919999 1
60 0.929999 1
60 0.939999 1
60 0.949999 1
60 0.959999 1
60 0.969999 1
60 0.979999 1
60 0.989999 1
100 0 2
100 0.01 1
100 0.02 1
100 0.03 1
100 0.04 1
100 0.05 1
100 0.06 1
100 0.07 1
100 0.08 1
100 0.09 1
100 0.1 1
100 0.11 1
100 0.12 1
100 0.13 1
100 0.14 1
100 0.15 1
100 0.16 1
100 0.17 1
100 0.18 1
100 0.19 1
100 0.2 1
100 0.21 1
100 0.22 1
100 0.23 1
100 0.24 1
100 0.25 1
100 0.26 1
100 0.27 1
100 0.28 1
100 0.29 1
100 0.3 1
100 0.31 1
100 0.32 1
100 0.33 1
100 0.34 1
100 0.35 1
100 0.36 1
100 0.37 1
100 0.38 1
100 0.39 1
100 0.4 1
100 0.41 1
100 0.42 1
100 0.43 1
100 0.44 1
100 0.45 1
100 0.46 1
100 0.47 1
100 0.48 1
100 0.49 1
100 0.5 1
100 0.51 1
100 0.52 1
100 0.53 1
100 0.54 1
100 0.55 1
100 0.56 1
100 0.57 1
100 0.58 1
100 0.59 1
100 0.6 1
100 0.61 1
100 0.62 1
100 0.63 1
100 0.64 1
100 0.65 1
100 0.66 1
100 0.67 1
100 0.68 1
100 0.69 1
100 0.7 1
100 0.71 1
100 0.72 1
100 0.73 1
100 0.74 1
100 0.75 1
100 0.76 1
100 0.77 1
100 0.78 1
100 0.79 1
100 0.8 1
100 0.81 1
100 0.82 1
100 0.83 1
100 0.839999 1
100 0.849999 1
100 0.859999 1
100 0.869999 1
100 0.879999 1
100 0.889999 1
100 0.899999 1
100 0.909999 1
100 0.919999 1
100 0.929999 1
100 0.939999 1
100 0.949999 1
100 0.959999 1
100 0.969999 1
100 0.979999 1
100 0.989999 1
